
226958,30027826
390675,32338474
226490,29861910
227938,29861682
227938,30030322
227318,29861802
227154,30458574
227318,30030727
225913,31047543
227318,29862430
225913,32433065
227560,31720953
225913,31047551
226490,30028956
227330,30029454
226028,31047552
227315,30030061
227318,30030731
226028,31047386
226490,30028969
225913,32432837
226028,32675369
225913,32675458
226027,32675481
226028,31047399
226028,31047538
225913,32432845
225913,32433066
225913,32432852
226883,29970873
225913,32432838
227318,30030726
226027,31047381
227542,31667813
225913,32675443
225913,32432844
24787436,30028251
226490,29861909
226955,30028074
226028,31047412
226949,30028610
226027,31047374
226027,32675482
226868,29970876
226490,29862129
225913,31047550
226027,31047370
226027,31047504
225913,31047540
226958,30027841
225913,32432841
226490,30028955
226958,30027926
227318,30031256
226490,30028960
226027,32675496
225913,32432853
225913,31047443
225913,31047554
225913,31047558
226027,31047378
226490,29861557
226027,31047364
226027,31047372
226490,29861990
226490,30028950
226028,31047536
226028,32675370
225913,32433064
226028,31047391
226028,31047561
226490,29861427
226490,30028931
226490,30028944
226490,30028962
226027,31047499
226027,32675467
225913,32432840
226027,32675485
226490,29861555
226490,30028930
226490,30028951
226490,30028958
226490,30028963
226027,31047494
226490,30028957
225913,32432848
225913,32432847
226490,30028948
226490,30028953
226958,30028053
226490,30028932
226490,29861554
226490,30028954
226027,31047383
225913,31047559
226027,32433023
225913,32675455
226490,29861560
226028,31047539
227754,31720897
226027,31047507
226027,31047382
227318,29862302
225598,31720752
225913,32432839
227318,29861770
390671,32675436
226027,31047379
225913,32432856
225913,32432846
390671,32338620
227318,32432284
390671,32338620
390671,31668762
390671,32338621
390671,31668704
390671,32675436
227318,31721014
227318,31721011
226027,31047393
226911,23105899
226352,29858823
227318,29862393
227318,30031234
227318,29862289
227318,30031255
227318,29861709
227318,30031263
227318,29862361
227318,29861731
226490,30028925
227318,30030761
227938,30030723
227318,29861788
227317,30030801
227939,30283312
227318,30031226
227317,30030776
227317,30030817
227938,29861777
225599,35473
227316,30030786
227318,32432620
227318,30031253
227315,30030372
227545,32338938
226490,30028927
225913,32432854
227318,30031252
227318,30031273
227317,30030779
227941,30283910
227318,29861674
227109,30028016
227316,30284747
227318,30031264
227318,30030032
226490,30028928
225913,31047541
226490,30028952
227318,30030732
227109,30027999
227318,30030306
227318,30030769
226490,30028949
226490,30028946
227753,31720883
227753,31720882
227753,31720813
227318,29861688
227754,31720871
227754,31720829
227755,31720913
227754,31720876
227755,31720850
227753,31720884
227754,31720905
227755,31720826
227753,31720881
227754,31720907
227754,31720870
227753,31720919
227753,31720819
227943,31721158
227754,31720904
227754,31720878
227753,31720810
226239,120842
227316,30030870
227317,29974286
227319,30030375
227319,29973551
227319,29974398
227319,30027459
226027,31047389
227318,29861692
227319,29973664
227317,30030780
226499,31720762
227579,31721083
227941,30030648
227319,29973666
227317,30030425
227318,30030767
227319,29973657
227316,30284685
227318,29861828
227318,30030679
226352,29906167
227318,29862398
390678,31720779
227320,31721016
227753,31720815
227754,31720827
227754,31720832
227754,31720896
227754,31720918
227753,31720831
227755,31290309
227754,31720877
227754,31720899
227753,31720812
227755,31720848
227754,31720879
227755,31290315
227318,30031260
227755,31720855
227157,31289918
227754,31720898
227754,31667998
227318,29862424
227755,31720854
227754,31720828
227754,31720820
227753,31720800
227318,29861719
227753,31720816
227754,31720887
227556,31721162
227753,31720801
227318,30030314
227560,31720926
227753,31720830
227940,30030082
227579,31721082
227754,31720834
227317,29974328
227754,31720874
227319,29973662
227318,30030734
227318,29861764
227939,30030777
226490,30028947
227560,31720920
227315,30030371
227318,30030746
227317,30030800
227568,31720974
227938,31721078
226027,32675447
227318,30030740
226490,29861558
226861,29859469
227581,31720799
226490,30028945
225583,32338963
227543,31720708
226027,31047380
226490,30028964
227543,31720707
226490,29861914
226499,31720755
227537,32337971
226027,32675469
6498925,31047433
226490,30028961
226027,31047375
225599,31720711
226027,32433018
226027,32675479
226027,32433017
226027,31047373
226027,32675471
226490,30028933
226490,30028926
226027,31047377
226027,31047367
227318,30030738
226027,31047369
227568,31720972
226027,32675466
227568,31720973
226490,30028959
227938,29862265
227317,106942
28882935,28163400
227317,29974329
10573467,127833
227787,33580
225583,31289916
227318,30031236
28882935,28163405
227316,30030838
227109,30027990
227319,29973649
227109,30028001
227939,30284405
225913,31047562
227583,29971681
227789,33691
227940,30030634
227939,30030434
227941,30030661
227939,30030783
225913,32432855
227788,33673
227940,30030632
227942,30285051
227939,30030442
225913,31047556
227940,30030629
227939,30030454
227939,30030580
225913,32432849
225913,31047542
227940,30031296
227558,30284080
227942,30030615
226490,167431
227318,30030755
227318,29862409
227581,29971656
390671,31668762
226490,29861905
227318,30030737
227939,30030818
390671,31668704
390671,32338621
227319,29973671
227319,29973660
227319,29973544
227319,29974393
226027,31047376
227319,30029531
227316,30030847
227787,0015BC001B021AF4
227109,32432608
227788,0015BC001B021BEE
28882950,28163800
10577597,127832
28882935,28163395
28882935,28163394
28882935,28163393
227318,30030067
227315,30030373
28882950,24653626
227313,42673
227318,32944985
227335,30284513
226027,32675371
226352,29859314
225913,31618488
226027,32432618
